$ 1 0.000005 10.20027730826997 50 5 43 5e-11
a 176 256 304 256 8 15 -15 1000000 0.005678033427546126 0.005628146988214676 100000
r 176 240 96 240 0 1000
r 176 176 304 176 0 1000
w 176 176 176 240 0
w 304 176 304 256 0
r 176 272 96 272 0 1000
w 96 240 96 272 0
w 96 240 -64 240 0
d 176 272 176 336 2 default
d 176 448 176 336 2 default
r 176 336 96 336 0 1000
g 176 448 176 480 0 0
w 304 256 400 256 0
r 400 256 480 256 0 33000
c 480 256 480 352 0 1e-9 -4.988643933144891 0.001
g 480 352 480 384 0 0
a 576 272 720 272 8 15 -15 1000000 -4.988643933144891 0.0993411177715569 100000
w 480 256 576 256 0
r 576 352 720 352 0 150000
r 576 352 576 448 0 1000
w 576 288 576 352 0
w 720 352 720 272 0
w 720 272 800 272 2
g 576 448 576 480 0 0
s -16 336 96 336 0 0 false
R -16 336 -16 384 0 2 40 10 0 0 0.5
R -64 240 -96 240 0 0 40 5 0 0 0.5
o 22 64 0 4099 20 0.00009765625 0 2 22 3
o 14 32 0 4099 10 0.000390625 1 2 14 3
